{"AR_h": 5.38, 
"AR_v": 1.73, 
"AR_w": 11.0, 
"Cht": 1.1, 
"Cvt": 0.09, 
"D_f": 4.07, 
"D_n": 2, 
"L_f": 53.47, 
"L_n": 3.73, 
"Lb_v": 0.48, 
"Lc_h": 5, 
"MLW_frac": 0.85, 
"Mach_altcruise": 0.4, 
"Mach_cruise": 0.8, 
"S_w": 173, 
"W_crew": 7028.1876, 
"W_payload": 199502.66700000002, 
"altitude_altcruise": 4572, 
"altitude_cruise": 11000,
 "altitude_landing": 0.0,
 "altitude_takeoff": 0.0,
 "b_ail_b_wing": 0.34,
 "b_flap_b_wing": 0.6,
 "b_slat_b_wing": 0.75,
 "block_range": 740800.0,
 "block_time": 8399.999999999998,
 "c_ail_c_wing": 0.27,
 "c_flap_c_wing": 0.3,
 "c_slat_c_wing": 0.1,
 "c_tank_c_w": 0.6,
 "clmax_w": 1.8,
 "dihedral_h": 0.13369222070276565,
 "dihedral_w": 0.09634217471008,
 "distance_landing": 2300.0,
 "distance_takeoff": 2300.0,
 "engine": {"BPR": 5.9,
    "Cbase": 9.166666666666667e-05,
    "weight": 32480.91,
    "T0": 40900,
    "model": "Howe turbofan"},
 "eta_h": 1.0,
 "flap_type": "double slotted",
 "h_ground": 10.668000000000001,
 "k_exc_drag": 0.03,
 "loiter_time": 2700,
 "n_captains": 1,
 "n_copilots": 1,
 "n_engines": 2,
 "n_engines_under_wing": 2,
 "range_altcruise": 370400.0,
 "range_cruise": 7000000,
 "rho_f": 804,
 "slat_type": "slat",
 "sweep_h": 0.7,
 "sweep_v": 0.6422811647339133,
 "sweep_w": 0.4363323129985824,
 "taper_h": 0.296,
 "taper_v": 0.31,
 "taper_w": 0.3,
 "tcr_h": 0.1,
 "tcr_v": 0.1,
 "tcr_w": 0.123,
 "tct_h": 0.1,
 "tct_v": 0.1,
 "tct_w": 0.085,
 "type": "transport",
 "x_mlg": 26.3,
 "x_n": 20.6,
 "x_nlg": 7,
 "x_tailstrike": 40.4,
 "x_tank_c_w": 0.2,
 "xcg_crew": 5,
 "xcg_payload": 25,
 "xr_w": 19.7,
 "y_mlg": 5,
 "y_n": 7.3,
 "z_lg": -3.3,
 "z_n": -1.9,
 "z_tailstrike": -0.8,
 "zr_h": 0,
 "zr_v": 0.8,
 "zr_w": -1.5,
 "b_w": 42.988370520409354,
 "cr_w": 6.012359513343966,
 "xt_w": 30.775066107470927,
 "yt_w": 21.494185260204677,
 "zt_w": 0.5772273449927274,
 "ct_w": 1.8037078540031897,
 "xm_w": 24.243616864603453,
 "ym_w": 8.818127286237816,
 "zm_w": -0.6478041661568298,
 "cm_w": 4.285733191563135,
 "S_h": 36.96,
 "b_h": 14.101233988555753,
 "xr_h": 43.30083905665268,
 "cr_h": 4.044825941001123,
 "xt_h": 49.95138119164465,
 "yt_h": 7.050616994277877,
 "zt_h": 0.9482690504505761,
 "ct_h": 1.1972684785363323,
 "xm_h": 46.024003428799595,
 "ym_h": 2.886981032636415,
 "zm_h": 0.38828300625445406,
 "cm_h": 2.8788507660412597,
 "S_v": 31.5,
 "b_v": 7.382072879618569,
 "xr_v": 42.044357355267955,
 "cr_v": 6.514647557356546,
 "xt_v": 48.69063014347781,
 "zt_v": 8.18207287961857,
 "ct_v": 2.019540742780529,
 "xm_v": 44.784042321400264,
 "zm_v": 3.8429918740412425,
 "cm_v": 4.661702763561852,
 "Swet_f": 615.952381477597,
 "W_w": 108408.56721636084,
 "W_h": 9789.5952,
 "W_v": 8343.405,
 "W_f": 145019.82869508542,
 "W_nlg": 7313.033456888744,
 "W_mlg": 41440.52292236954,
 "W_eng": 84450.36600000001,
 "W_allelse": 192746.61824357932,
 "W0": 1133808.5551360396,
 "We": 597511.9367342838,
 "Wf": 329765.7638017558,
 "xcg_e": 24.82045868146182,
 "T0": 353829.39307310805,
 "T0vec": [336980.37435534096,
 267592.6336043601,
 238711.19739324984,
 247588.38665795123,
 294042.6622468576,
 170771.356669652,
 189864.7835692768,
 282327.2781030389],
 "deltaS_wlan": 32.49859506643611,
 "CLmaxTO": 2.3566231829732245,
 "xcg_fwd": 24.590032451135485,
 "xcg_aft": 24.912655124160914,
 "xnp": 25.85778729207765,
 "SM_fwd": 0.2958081579688296,
 "SM_aft": 0.22052986634289706,
 "b_tank_b_w": 0.9305966980568029,
 "CLv": 0.5829973401271109,
 "frac_nlg_fwd": 0.08859935486344639,
 "frac_nlg_aft": 0.07188315418855373,
 "alpha_tipback": 0.39797436930915114,
 "alpha_tailstrike": 0.17548126032038097,
 "phi_overturn": 0.64226273188253,
 "DOC": 128.03625647617775,
 "DOC_breakdown": {"flight": 74.04217510549726,
 "maintenance": 18.09106292069457,
 "depreciation": 20.5217095301915,
 "land. and nav. fees": 6.418770966461972,
 "leasing": 8.962537953332443}}